Parse: 0.000718832015991
Floyd-Warshall: 0.00497794151306
Double check: 0.000319004058838
Parse: 0.000728130340576
Floyd-Warshall: 0.00494289398193
Double check: 0.000308036804199
Parse: 0.000724077224731
Floyd-Warshall: 0.00494909286499
Double check: 0.000256061553955
